## LogoData
# First column is position number, counting from zero
# Subsequent columns are raw symbol counts
# Entropy is mean entropy measured in nats.
# Low and High are the 95% confidence limits.
# Weight is the fraction of non-gap symbols in the column.
#	
#	A 	C 	G 	T 	Entropy	Low	High	Weight
1 	6 	3 	3 	5 	0.0466 		 	1.0000
2 	4 	2 	5 	6 	0.0666 		 	1.0000
3 	0 	0 	17 	0 	1.3863 		 	1.0000
4 	0 	0 	0 	17 	1.3863 		 	1.0000
5 	0 	0 	0 	17 	1.3863 		 	1.0000
6 	0 	0 	0 	17 	1.3863 		 	1.0000
7 	0 	0 	0 	17 	1.3863 		 	1.0000
8 	0 	0 	0 	17 	1.3863 		 	1.0000
9 	0 	0 	17 	0 	1.3863 		 	1.0000
10 	0 	0 	0 	17 	1.3863 		 	1.0000
11 	17 	0 	0 	0 	1.3863 		 	1.0000
12 	0 	17 	0 	0 	1.3863 		 	1.0000
13 	0 	0 	0 	17 	1.3863 		 	1.0000
14 	0 	17 	0 	0 	1.3863 		 	1.0000
15 	0 	0 	0 	17 	1.3863 		 	1.0000
16 	0 	17 	0 	0 	1.3863 		 	1.0000
17 	17 	0 	0 	0 	1.3863 		 	1.0000
18 	17 	0 	0 	0 	1.3863 		 	1.0000
19 	0 	0 	17 	0 	1.3863 		 	1.0000
20 	17 	0 	0 	0 	1.3863 		 	1.0000
21 	0 	0 	0 	17 	1.3863 		 	1.0000
22 	0 	0 	0 	17 	1.3863 		 	1.0000
23 	0 	0 	0 	17 	1.3863 		 	1.0000
24 	17 	0 	0 	0 	1.3863 		 	1.0000
25 	17 	0 	0 	0 	1.3863 		 	1.0000
26 	0 	0 	17 	0 	1.3863 		 	1.0000
27 	0 	0 	0 	17 	1.3863 		 	1.0000
28 	17 	0 	0 	0 	1.3863 		 	1.0000
29 	17 	0 	0 	0 	1.3863 		 	1.0000
30 	0 	17 	0 	0 	1.3863 		 	1.0000
31 	0 	0 	0 	17 	1.3863 		 	1.0000
32 	0 	0 	17 	0 	1.3863 		 	1.0000
33 	0 	0 	0 	17 	1.3863 		 	1.0000
34 	17 	0 	0 	0 	1.3863 		 	1.0000
35 	0 	17 	0 	0 	1.3863 		 	1.0000
36 	17 	0 	0 	0 	1.3863 		 	1.0000
37 	16 	0 	1 	0 	1.1626 		 	1.0000
38 	0 	16 	0 	1 	1.1626 		 	1.0000
39 	7 	4 	1 	5 	0.1539 		 	1.0000
40 	6 	2 	0 	9 	0.4302 		 	1.0000
41 	5 	3 	4 	5 	0.0199 		 	1.0000
42 	8 	2 	2 	5 	0.1681 		 	1.0000
43 	6 	4 	5 	1 	0.1351 		 	0.9412
44 	4 	4 	1 	8 	0.1840 		 	1.0000
45 	3 	6 	7 	1 	0.1806 		 	1.0000
46 	9 	3 	2 	3 	0.1856 		 	1.0000
47 	6 	4 	3 	4 	0.0317 		 	1.0000
48 	6 	4 	5 	2 	0.0666 		 	1.0000
49 	11 	2 	2 	2 	0.3493 		 	1.0000
50 	10 	1 	2 	4 	0.3153 		 	1.0000
51 	5 	0 	6 	6 	0.2912 		 	1.0000
52 	7 	4 	0 	6 	0.3129 		 	1.0000
53 	7 	2 	3 	5 	0.1031 		 	1.0000
54 	5 	3 	3 	6 	0.0466 		 	1.0000
55 	5 	6 	3 	3 	0.0466 		 	1.0000
56 	4 	3 	9 	1 	0.2364 		 	1.0000
57 	3 	4 	6 	4 	0.0317 		 	1.0000
58 	4 	7 	4 	2 	0.0883 		 	1.0000
59 	8 	6 	1 	2 	0.2456 		 	1.0000
60 	6 	0 	6 	5 	0.2912 		 	1.0000
61 	4 	3 	2 	8 	0.1332 		 	1.0000
62 	3 	5 	3 	6 	0.0466 		 	1.0000
63 	12 	3 	2 	0 	0.5826 		 	1.0000
64 	5 	5 	2 	5 	0.0547 		 	1.0000
65 	5 	2 	3 	7 	0.1031 		 	1.0000
66 	7 	4 	2 	4 	0.0883 		 	1.0000
67 	1 	0 	1 	0 	0.6931 		 	0.1176
# End LogoData
